1
2
4
6
10
13
17
22
26
31
38
43
52
58
67
75
85
97
106
116
127
138
149
160
172
190
200
212
230
245
263
276
291
315
332
349
372
396
415
422
455
477
496
509
531
563
587
614
647
657
680
718
743
759
792
828
861
890
924
936
960
992
1043
1083
1132
1140
1167
1200
1225
1265
1313
1347
1381
1429
1467
1515
1543
1589
1633
1656
1731
1758
1788
1843
1879
1895
1976
2002
2044
2095
2144
2203
2239
2296
2329
2393
2417
2489
2510
2559
2632
2669
2753
2789
2845
2850
2933
3028
3070
3111
3165
3245
3296
3336
3390
3446
3507
3580
3660
3707